12210133410145363511278233101334911224542211411278211332233277211332233533115441122272112::2112:2112:254101;;112211541012782331013311411332:24101335112210
143631127872334544433;;2722233;;22332772225222:7:211221012211511331013322101101101222211533101331128211334112210
14536343635332788211331012722:2331011012249443341133101;;112211;;541133;;11101113311221011128:21128772101272101332210
1454363363101363536311278211543349433223310133;;22112210122112:21127211272115411;;112211221128:21
122114541136311278294433411272;;3310122112:211221122112253311;;115112872101221012210111411;
;3311454363511277823394433433;;113333433101221011133;;3354112210122113311112210122101282112821133115433113311411;
;331013631122527872332294433;;33223311101;;1122112:21122112211221122541141012211221011012211;;277211334411282114112210
1225363527787211221012211331122331122449541143311221014115433;;11511278872101112210111287:211221141127210
12210153631122113351127211334427210152721122112211112:2112721122101221122511;;1011012210
141154113635112777210111454;;22101221133113311221012:2111122112211221012721011011133113311533112211;
;27233411363363511277:211332:210127241011110122527211272112:2101272101221122113345113311;
;33112723354113310143635113327211221144334433;;2233112721133433101221151122112210122511221012721122101;;52233221
0143631127721151012721133944334533112211221013311221122111133411;;113354115410127211221122112211331133115331127721127210
141013635411225453327723310133;;533112210122112772112211272113311;;1151012211221127210122112210
1331012253635363511277233223394334533;;272112210122101;;511221012211223311;
;22113345436351127721133223310122114272331012251012211331149411331013311;;22101332211221111272101221145411;
;11334335113635331127721127243345433221013322101;;2722222112210127211101541154;;1015101272331133;;277211331012211221133511433114
363436311277723352211334114334114533;;113322112721133112210122112211221154112210127211221110110154331012211221122112211272113311221
1331111536336351141122331127777:21133272114941014331122115410122112211277211221012725221012210127211221122112210
12233433541136353311221133113311331133494331141133112211272221122;;335112227211221122112211221122112211221127211221127211510111331142211332211;
;223343351136353635113327233222211335433411221122112721122;;221122112211221122112721127211272112210151122225221012211334331110