0121
031214212
015634
015634
015634789:
015634
034156
0
015634
015634
015634
015634
015634
031546
015634;<=>
015634
01563?@A34
0
015634
015634;
015634
015634
0
015634
015634
015634
015634
015634
015634
015634
015634
015634
031564
015346
0
015634
015634
015634
01563
0
0135
015346
0
0
015634
031564
015634
015634
0
015634
015634
015634
015634
015634
015634
031564
0
015634
0
0
01536
0
0
031564
015634
015634
015634
0
015634
015634
015634
0
015634
03?
015634
015634
015634
015634
015634
0
015634;<=>
0
015634
015634
015634
015634789:
0
015634
015634
015634
015634
015634789:
015634
034156
015634
015634
015634
01563
0156
0156
015634
015634
015634
015634
015634
015634
015634
031564
015634
015634
015346
015634
031564
015634
0156
015634
015634
034156
015634
0
015634
0
015634
031564
0
015634
015346
015634
015634
015634
015634
015634
015634
015634
015634
015634
015634
0
013456
015634
015634
015634
015634
015634
034
015634
01563
013456
015634
015634
015634
015346
0156
015634
031456
015634
015634
015634
015634
015346
015634
015634
015634
015634
015634
034789:156
015634
015634
0
015634
015634
015634
015634
0
013456
015634
015634
015634
031564
015364
015634
015634
015634
015634
013564
031564
015634
015634
015634
015634
015634
031546
015634
015634
015634
015346
015634
01534789:6
015634
015634
015634
031564789:
015634
015634
015634
015346
015634
0156
0156
0156
031?3456
03412156
03121B34212156
03156@BC34
013456
0134212156
015634
03D34156
01215346
03B?@ADEF15634
034156
034;<156G
015634
031546
015634
034156
015634
03412156
0
015634
0341212156
034156
034156
034156
0
034156
034156
034789:156
0
03412156
034156
034156
03412156
034156
034156
034156
034156
034156
034156
015634
01215634
034156
013212156B
0
03B341212156
034156
01215634
034156
013?3564
015634
03412156
034156
034156
034156
034156
01215634
034156
0333E34156
013546
034156
015634
01523
03B3B34156
0341212152156
034156
034156
03@C34156
0
013456
015634
031456
034156
0
031456
034156
015634
034156
013456
034156
034156
013564
013564
015634
015634
01563?34
0
0
0
0
0
015346
034156
034156
0
0
031564
034156
034156
015346
015634
015634
034156
015634
034156
034156
034156
015634
034156
015346
015364
015634
013456
034156
013456
013456
015634
015634
034156
034;<156G<=>
013456
015346;<=>
013456
015634
015634
015634
0153B3B3B346
015634
013456
01563B34789:
013456
03?@A34156
031564
013456
01563?E34
013456
013456
015346
013456
013456
034156
034156
013456
031456
01563
013456
015634
034156
031546
034789:12156
015634
01563
015634
015634
034156
015346
031564
015634
015346
015634
034156;<=>
034156
0
015634
015634
031456
015346
031546
013546
015634
01563B3B34
015346
034156
034156
034156
034156
013456
015634
015346
03F@H3F34156
015346
015634
015346
013456
015346
015346
01563DF3DF3DF34
015634
015634
015346
015346
015346
015346
013456
015346
015346
01536F3F3F3F3F3F34
015346
015364
015346
015346
015346;
015634
015634
015634
015634
015634
013456
013456
015346
015634
015346
015346
015634
013456
034156
015634
015634
015346
0153?346
03412156
01563?34
034156
034156
034156
034156
03F34156
034156
013456
015634
034156
013456
015634
013456
034156
034156
013456
034156
0153B3B3B3B36B3B34
034156
034156
013456
034156
0315@A346
013456
031456
034156
0
015634
015634
013456
013546
013564
013456
015634
01563
015634
0
0153F63F3F34
015634
013?3456
034156
03F3F153F346
015634
015634
013456
0
013456
013456
015634
0
015634
015634
0
0
015634
013?3?3456
034156
034121212156
034156
034156
034156
013456
015634
015634
013456
034156
015346
0
034156
031564
015634
013456
03B34156
013456
034156
013456
034156
034156
015634
0
015634
03412156
0
01563?3?34
013564
034156
015346
015346
013456
034156
013564
015634
034156
0
03?34156
013456
015634
0
013456
015634
013?3?3?3456
015634
013456
015634
0
013456
015346
015634
015634
013456
015634
0
03415
034156;
0
0
0
0
034156
034156
0
013456
015634789:
013564
015634
013456
015634
015346
015634;<=>
015346
0134;<5=6>
015634
034156
013456
015634
0
0
015634
034156
013456
013456
015634
013456
015634
013456
015634
015634
015634
034156
03156@C3?34
013564
015634
013?3456
0
015634
013456
0
015634
013456
0
03?F3?1F
015634
03@?FA3412156
015634;<=>
015634
015634
013456
013456
034156
013456
015634
015634
013456
015634
015634
013456
015634
015634
01215634
034156
015634
0153?3?346
013546
034156
034156
015634
015634
015634
015634;<=>
015634
015634
015634
015634
031456
013456
015634
015346
015634
015364
034156
015634
0
013456
015346
013456
034156
013456
015634
034156
015634
015634
0
013456
013456
015634
01534789:6
0
015634
015634
013?3?3456
015634
03?34156
015634
0153?346
03F?34156
015634
015634
015634
015634
034156
015634
015634
013564;<=>
0
015634
015634
015634
034156
0
0
015634
015634
034156
015634
013456
034156
034156
013456
0
031456
015634
013456
015634
015346
015634
015634
015634
034156
013456
015634
015634
015634
013456
015634
015346
015634
013456
034156
015634
015634
015634
013456
015634
015634
015634
015634
01563
015634
034156
015634;<=>
015634
013456;<=>
015634;<=>
01563
015634
015634
01563478I8I8I8I89:
031564
015634;<=>
031564
013456
015634;<=>
015634
015634
01563@A34
034156
013564
013456
015634
015634
015634
015634
0
013546
015634
034156
015634
015634
015634
013456
015634
015634
015634789:
013456
013456
031
013B3456
013456
015634
015634
015634
013564
013564
015346
0
013456
015634;<=>
015634
015634
015634
013456
0
015634
015634
015634
015634
015634
015634
013456
013456
015634
013456
015634
015634
013456
015346;
034156
015634
015634
015634
015634
013456
015634
013456
015346
015634
015634
013456
015634
013456
013456
015346
013456
015346
031564
034156
015634
015634
015634
015346
015634
015634
015634
015634
03412156
0
015634
015634;<=>
015634
015634
013456
015346
0132
015634
015346
015634
015346
034156
015346
013456
015634
015634;<=>
015634
0
015634
015634
034156
015634
015634
015634
03B?34156
015634
015634
0
015634
0
0
015634
0
01563B3B3B34
015634
0
015634
015634
015634;<=>
015634
0
015634
01563
013456
015634
015634
015634
015346
031456
015634;<=>
015634
015634
015634
015634
013564
031456
015634
015634
015634
015634
015634
034156
015634
015634
01563?@C34
0
015634
0
015634
031456
015634
015634
015634
031564
013456
015346
015634
015634
015634
015634
015634
015634
015346
013564
01563F34
015634
015634
015634
015634789:
015634
015634
015634
015634
015346
015634
015634
013456
015634
013546
015634
034156
0
015634
015634
0
015634
015634
015634
015634
015634
015634
015346
015346
013546
013456
013564
015634
015634
015634
015346
013564
015634
015634
015634
015634
031564;<=>
015346
015634
015634
015634
015634
015634
015634
015346
03156F34
031564
015634
015634;<=>
015634
015634
031564
015346
013456
015364
015634
015634;<=>
015634
015346
015634
013456
015634
015634
015634
034156;<=>
031564
015634
015634
015634
013456
015634
015634
015634
034156
015634
015346
015634
013456
034156789:
015346
015634
013456
013456
0
013564
015634
015634
015634
015634
015634
0
015634
015634;<=>
015634
015634;<=>
013564
015364
013546
015634
015634
0
015634
015634
015634
013564
034156
015634
015634
015634
015634
0
015634
015634
01563478I8I89:
015634;<=>
015346
015346
015346
034156
015634
015634
015634
015634
015634
015634
015634
01634
015634
0
015634
015634
015634
015634
0121212121231564
015634
015634
013456
015634
01215634
031564
015346
0133342156
015346
0
015634;<=>
015634
015634
015634
015634
015364
015634
015634
015634
015634
0
015634
013564
0134521
01563@HADBJCF?E333
031564
015634
0121
015634
015634
015634
015634
031456
015634
015634
0
015634
015364
0
015634
015634
015634
015634
015634
015346
015634
015634
031564
031564
031564
015634
015634
015634
0
015634
015634
034156
015634
015634
031564
015634
015634
015634
015634
013
0
015634
015634
013521456
031564
015634
031?563?3?3?3?3?3?3?3?34
015634
013456
015346
013456
034156
015634
015634
015634
015634
015634
015634
015634
015634
015634
015634
015634
015634
031564
031564
015634
015634
015634
015634
015634
015364
031
013564
015634
015634
015634
015634
015634
015634
015634
015634
015634
015634
015634
015634
015634
015634
015634
0
015634
015634
015634
015634
015634
015634
015634
015634
013564
015634
015634
031564
015634
01215634
015634
015634
0
015634
015634
015634
013
015634
0
0
0
034156
015634
031564
015634
015634
015634
015634
031564
015364
015634
015634
015634
031546
015634
015634
0
015634
015634
013564
015634
015634
015634
015634
0
015634
015634
015634
031564
01563
015634
015634
015634
015634
015634
015634
015634
015634
015634
015634
015634
015634
015634
015634
015634
015634
034156
015634
015634
015634
015634
013456
015634
015634
015634
012121563?3?34;<=>
015634
015634;<=>
015634
034156
0
031564
015634
015634
015634
015634
015634
015634
015634
01563
0
015634
015634
015634
01563DF3FD34
0
015634
015634
015634
015634
015634
013564
015634
015634
015634
015634
015634
015634
031564
015634
015634
01356B@H34
015634
031
0
015634
015634
015634
015634
015634
015634
015634
015634
0121215634
015634
013564
015634
031564
034156
0
015634
015634
015634
015634
015634
013546
013456
015634
01563
013@H52156F3@HF3F@H3@HF34
015634
015634
015364
015634
015634
015634
015634
015634
015634
015634
015634
015634
015634
015346
015634
0134;56<=>
013456;<=>
015634
015634
015634
015634
013456
015634
015634
015634
015634
015634
013456
015634
015634
015634
015634
015634
01563@H34
015634
015634
015634
015634
015634789:
015634
015634
015634
013456;<=>
015634
034156
015634
015634
015634789:
015634
034156
015634
015634
015634
015634
013456
015634
031564
0
015634
015634
015634;<=>
034156
013564
015634
015634;<=>
015634
015634
013564
015634
015634
015634
015634
015634
015634
015634
034156
0
034156
015634
031546;<=>
015634
015634
0
015364
015634
015634;<=>
015634;<=>
013546
015634
031564
031456
0
0
015634
0
0
015634
015634
015634
015634
031564
015634
0341
0
015634
015634
0
031
03E34156
0
015346
015634
01563E34
015634
015634
015364;<=>
015634
015634
015634
013456
015634789:
015634
015634
015634
013564
013456
015634
015634
015634
015634
015634
015634
015634
013564
015634
015634789:
015634
015634
013452156
031564
015634
015634
015634
015634
015634
015634